# Columns: Ndisp time Nt
0	0.0e+00	0
1	2.000000e+03	46173
2	4.000000e+03	74074
3	6.000000e+03	98357
4	8.000000e+03	120670
5	1.000000e+04	141562
6	1.200000e+04	161285
7	1.400000e+04	179977
8	1.600000e+04	197735
9	1.800000e+04	214596
10	2.000000e+04	230628
11	2.200000e+04	245882
12	2.400000e+04	260364
13	2.600000e+04	274155
14	2.800000e+04	287247
15	3.000000e+04	299674
16	3.200000e+04	311457
17	3.400000e+04	322663
18	3.600000e+04	333249
19	3.800000e+04	343310
20	4.000000e+04	352850
21	4.200000e+04	361876
22	4.400000e+04	370417
23	4.600000e+04	378498
24	1		1
25	1		1
26	1		1
0       0.0e+00    0
1       2.000000e+03    6171
2       4.000000e+03    11941
3       6.000000e+03    17461
4       8.000000e+03    22618
5       1.000000e+04    27552
6       1.200000e+04    32203
7       1.400000e+04    36572
8       1.600000e+04    40751
9       1.800000e+04    44778
10      2.000000e+04    48780
11      2.200000e+04    52781
12      2.400000e+04    56782
13      2.600000e+04    60784
14      2.800000e+04    64785
15      3.000000e+04    68786
16      3.200000e+04    72786
17      3.400000e+04    76786
18      3.600000e+04    80786
19      3.800000e+04    84786
20      4.000000e+04    88786
21      4.200000e+04    92786
22      4.400000e+04    96786
23      4.600000e+04    100786
24      4.800000e+04    104786
25      5.000000e+04    108786
26      5.200000e+04    112786
27      5.400000e+04    116786
28      5.600000e+04    120786
29      5.800000e+04    124786
30      6.000000e+04    128786
31      6.200000e+04    132786
32      6.400000e+04    136786
33      6.600000e+04    140786
34      6.800000e+04    144786
35      7.000000e+04    148786
36      7.200000e+04    152786
37      7.400000e+04    156786
38      7.600000e+04    160786
39      7.800000e+04    164786
40      8.000000e+04    168786
41      8.200000e+04    172786
42      8.400000e+04    176786
43      8.600000e+04    180786
44      8.800000e+04    184786
45      9.000000e+04    188786
46      9.200000e+04    192786
47      9.400000e+04    196786
48      9.600000e+04    200786
49      9.800000e+04    204786
50      1.000000e+05    208786
78      1.56e+05    212786
52      1.040000e+05    216786
53      1.060000e+05    220786
54      1.080000e+05    224787
55      1.100000e+05    229172
56      1.120000e+05    235306
57      1.140000e+05    246248
85      1.700000e+05    296048
59      1.180000e+05    362291
1       2.000000e+03    70851
2       4.000000e+03    143951
3      6.000000e+03    217698
90      1.8e+05    301268
5       1.000000e+04    386272
6       1.200000e+04    476948
1      2.000000e+03    85867
2       4.000000e+03    173274
95       1.900000e+05    260490
4       8.000000e+03    348140
5       1.000000e+04    430524
1       2.000000e+03    84268
2       4.000000e+03    166183
100     2.0e+05    244905
4       8.000000e+03    325626
5       1.000000e+04    410600
103     2.060000e+05    494259
