# Columns: Ndisp time Nt
0	0.000000e+00	0
1	2.000000e+03	47526
2	4.000000e+03	75715
3	6.000000e+03	100197
4	8.000000e+03	122669
5	1.000000e+04	143704
6	1.200000e+04	163538
7	1.400000e+04	182340
8	1.600000e+04	200184
9	1.800000e+04	217139
10	2.000000e+04	233231
11	2.200000e+04	248519
12	2.400000e+04	263069
13	2.600000e+04	276894
14	2.800000e+04	290022
15	3.000000e+04	302475
16	3.200000e+04	314283
17	3.400000e+04	325507
18	3.600000e+04	336114
19	3.800000e+04	346168
20	4.000000e+04	355700
21	4.200000e+04	364720
22	4.400000e+04	373251
23	4.600000e+04	381327
24       2.000000e+03    7665
2       4.000000e+03    14903
3       6.000000e+03    21711
4       8.000000e+03    28196
5       1.000000e+04    34288
6       1.200000e+04    40082
7       1.400000e+04    45522
8       1.600000e+04    50721
9       1.800000e+04    55566
10      2.000000e+04    60206
11      2.200000e+04    64596
12      2.400000e+04    68710
13      2.600000e+04    72725
14      2.800000e+04    76727
15      3.000000e+04    80733
16      3.200000e+04    84734
17      3.400000e+04    88734
18      3.600000e+04    92734
19      3.800000e+04    96734
20      4.000000e+04    100734
21      4.200000e+04    104734
22      9.000000e+04    108734
23      4.600000e+04    112734
24      4.800000e+04    116734
25      5.000000e+04    120734
26      5.200000e+04    124734
27      5.400000e+04    128734
51      1.020000e+05    132734
29      5.800000e+04    136734
30      6.000000e+04    140734
31      6.200000e+04    144734
32      6.400000e+04    148734
33      6.600000e+04    152734
34      6.800000e+04    156734
35      7.000000e+04    160734
36      7.200000e+04    164734
37      7.400000e+04    168734
38      7.600000e+04    172734
39      7.800000e+04    176734
40      8.000000e+04    180734
41      8.200000e+04    184734
42      8.400000e+04    188734
43      8.600000e+04    192734
44      8.800000e+04    196734
45      9.000000e+04    200734
46      9.200000e+04    204734
47      9.400000e+04    208734
48      9.600000e+04    212734
49      9.800000e+04    216734
50      1.000000e+05    220734
51      1.020000e+05    224734
52      1.040000e+05    228734
53      1.060000e+05    232734
54      1.080000e+05    236734
55      1.100000e+05    240734
56      1.120000e+05    244734
57      1.140000e+05    248734
58      1.160000e+05    252734
59      1.180000e+05    256734
60      1.200000e+05    260734
84      1.220000e+05    264734
85       2.000000e+03    4008
2       4.000000e+03    8008
3       6.000000e+03    12008
4       8.000000e+03    16008
5       1.000000e+04    20008
6       1.200000e+04    24008
7       1.400000e+04    28008
8       1.600000e+04    32008
9       1.800000e+04    36008
10      2.000000e+04    40008
11      2.200000e+04    44008
12      2.400000e+04    48008
13      2.600000e+04    52008
14      2.800000e+04    56008
15      3.000000e+04    60008
16      3.200000e+04    64008
17      3.400000e+04    68008
18      3.600000e+04    72008
19      3.800000e+04    76008
20      4.000000e+04    80008
21      4.200000e+04    84008
22      4.400000e+04    88008
23      4.600000e+04    92008
24      4.800000e+04    96008
25      5.000000e+04    100008
26      5.200000e+04    104008
27      5.400000e+04    108008
28      5.600000e+04    112008
29      5.800000e+04    116008
30      6.000000e+04    120008
31      6.200000e+04    124008
32      6.400000e+04    128008
33      6.600000e+04    132008
34      6.800000e+04    136008
35      7.000000e+04    140008
36      7.200000e+04    144008
37      7.400000e+04    148008
38      7.600000e+04    152008
39      7.800000e+04    156008
40      8.000000e+04    160008
41      8.200000e+04    164008
42      8.400000e+04    168008
43      8.600000e+04    172008
44      8.800000e+04    176008
45      9.000000e+04    180008
46      9.200000e+04    184008
47      9.400000e+04    188008
48      9.600000e+04    192008
49      9.800000e+04    196008
50      1.000000e+05    200008
51      1.020000e+05    204008
52      1.040000e+05    208008
53      1.060000e+05    212008
54      1.080000e+05    216008
55      1.100000e+05    220008
56      1.120000e+05    224008
57      1.140000e+05    228008
58      1.160000e+05    232008
59      1.180000e+05    236008
60      1.200000e+05    240008
61      1.220000e+05    244008
62      1.240000e+05    248008
63      1.260000e+05    252008
64      1.280000e+05    256008
65      1.300000e+05    260008
66      1.320000e+05    264010
67      1.340000e+05    268325
68      1.360000e+05    273978
69      1.380000e+05    282736
70      1.400000e+05    316747
155     3.100000e+05    377612
1       2.000000e+03    64208
2       4.000000e+03    130491
3       6.000000e+03    197948
4       8.000000e+03    272410
5       1.000000e+04    355787
161       1.200000e+04    438825
1       2.000000e+03    81915
2       4.000000e+03    164369
3       6.000000e+03    246695
4       8.000000e+03    329178
5       1.000000e+04    405147
167       1.200000e+04    481864
1       2.000000e+03    76598
2       4.000000e+03    151416
3       6.000000e+03    232502
4       8.000000e+03    311077
5       1.000000e+04    391323
173       1.200000e+04    470470
1       2.000000e+03    78426
2       4.000000e+03    157271
3       6.000000e+03    234512
4       8.000000e+03    308440
5       1.000000e+04    379031
179     3.580000e+05    451361
