# Columns: Ndisp time Nt
0	0.000000e+00	0
1	2.000000e+03	45029
2	4.000000e+03	71120
3	6.000000e+03	93604
4	8.000000e+03	114225
5	1.000000e+04	133549
6	1.200000e+04	152029
7	1.400000e+04	172744
8	1.600000e+04	196422
9	1.800000e+04	222216
10	2.000000e+04	250976
11	2.200000e+04	282167
12	2.400000e+04	314814
13	2.600000e+04	350258
14	2.800000e+04	387636
15	3.000000e+04	427288
16       2.000000e+03    45029
2       4.000000e+03    71120
3       6.000000e+03    93604
4       8.000000e+03    114225
5       1.000000e+04    133549
6       1.200000e+04    152029
7       1.400000e+04    172744
8       1.600000e+04    196422
9       1.800000e+04    222216
10      2.000000e+04    250976
11      2.200000e+04    282167
12      2.400000e+04    314814
13      2.600000e+04    350258
14      2.800000e+04    387636
30      3.000000e+04    427288
1       2.000000e+03    45029
2       4.000000e+03    71120
3       6.000000e+03    93604
4       8.000000e+03    114225
5       1.000000e+04    133549
6       1.200000e+04    152029
7       1.400000e+04    172744
8       1.600000e+04    196422
9       1.800000e+04    222216
10      2.000000e+04    250976
11      2.200000e+04    282167
12      2.400000e+04    314814
13      2.600000e+04    350258
14      2.800000e+04    387636
45      3.000000e+04    427288
1       2.000000e+03    45029
2       4.000000e+03    71120
3       6.000000e+03    93604
4       8.000000e+03    114225
5       1.000000e+04    133549
6       1.200000e+04    152029
7       1.400000e+04    172744
53      1.060000e+05    196422
