# Columns: Ndisp time Nt
0	0.000000e+00	0
1	2.000000e+03	42603
2	4.000000e+03	69953
3	6.000000e+03	93947
4	8.000000e+03	116071
5	1.000000e+04	136838
6	1.200000e+04	156475
7	1.400000e+04	175128
8	1.600000e+04	192856
9	1.800000e+04	209742
10	2.000000e+04	225801
11	2.200000e+04	241097
12	2.400000e+04	255653
13	2.600000e+04	269574
14	2.800000e+04	283088
15	3.000000e+04	297400
16	3.200000e+04	330575
17	3.400000e+04	400944
1       2.000000e+03    42603
2       4.000000e+03    69953
3       6.000000e+03    93947
4       8.000000e+03    116071
5       1.000000e+04    136838
6       1.200000e+04    156475
7       1.400000e+04    175128
8       1.600000e+04    192856
26      5.200000e+04    209742
10      2.000000e+04    225801
11      2.200000e+04    241097
12      2.400000e+04    255653
13      2.600000e+04    269574
14      2.800000e+04    283088
15      3.000000e+04    297400
16      3.200000e+04    330575
17      3.400000e+04    400944
1       2.000000e+03    42603
2       4.000000e+03    69953
3       6.000000e+03    93947
4       8.000000e+03    116071
5       1.000000e+04    136838
6       1.200000e+04    156475
7       1.400000e+04    175128
8       1.600000e+04    192856
9       1.800000e+04    209742
10      2.000000e+04    225801
11      2.200000e+04    241097
46      9.200000e+04    255653
13      2.600000e+04    269574
50      1.000000e+05    283088
51	21	21
50	1.000e+05	12
51	2	2	
52	2	2	
53	2	2	
54	2	2
55	2	2
2	2	2	
2	2	2
2	2	2
2	2	2
2	2	2
2	2	2
2	2	2
2	2	2
2	2	2	
2	2	2
2	2	2
2	2	2
68	1.32e+05	2

